001,Arg 1,1
001,Arg 2,11
001,Prologue,,1
001,1,1,153
001,1,2,463
001,1,3,499
001,2,1,551
001,2,2,633
001,3,1,861
001,3,2,882
001,3,3,956
001,3,4,984
001,4,1,1009
001,4,2,1021
001,4,3,1035
001,5,1,1053
001,5,2,1131
002,Arg,,1
002,Prologue,,1
002,1,1,16
002,1,2,127
002,1,3,153
002,2,1,249
002,2,2,257
002,2,3,381
002,2,4,407
002,3,1,504
002,3,2,545
002,3,3,591
002,4,1,746
002,4,2,810
002,5,1,828
002,5,2,851
003,Arg,1,1-15
003,Arg,2,1-9
003,Fragments,,1-5
003,Frag. Dub.,,1-7
003,Prologue,,1
003,1,1,40
003,1,2,79
003,2,1,120
003,2,2,178
003,2,3,268
003,2,4,280
003,2,5,327
003,2,6,350
003,2,7,363
003,2,8,371
003,2,9,398
003,3,1,406
003,3,2,415
003,3,3,449
003,3,4,460
003,3,5,475
003,3,6,537
003,4,1,587
003,4,2,608
003,4,3,624
003,4,4,628
003,4,5,661
003,4,6,667
003,4,7,682
003,4,8,701
003,4,9,713
003,4,10,731
003,5,1,808
004,Fragments,,1
004,1,1,35
004,1,2,109
004,2,1,170
004,2,2,179
004,2,3,235
004,3,1,368
004,3,2,385
004,3,3,405
004,3,4,500
004,3,5,526
004,3,6,530
004,4,1,573
004,4,2,583
004,4,3,612
004,4,4,640
004,4,5,761
004,4,6,770
004,4,7,799
004,4,8,842
004,4,9,925
004,4,10,979
004,4,11,1076
004,5,1,1087
004,5,2,1120
005,Arg,,1-9
005,Prologue,,1
005,1,1,69
005,1,2,110
005,2,1,195
005,2,2,251
005,2,3,361
005,3,1,461
005,3,2,498
005,3,3,516
005,3,4,533
005,3,5,659
005,4,1,768
005,4,2,781
005,4,3,901
005,4,4,909
005,5,1,922
005,5,2,954
005,5,3,978
005,5,4,998
006,Arg,1-6
006,Prologue,,1
006,1,1,89
006,2,1,144
006,2,2,165
006,2,3,217
006,2,4,279
006,2,5,309
006,2,6,353
006,2,7,424
006,2,8,437
006,3,1,515
006,3,2,531
006,3,3,563
006,3,4,591
006,3,5,621
006,3,6,720
006,4,1,759
006,4,2,780
006,4,3,798
006,4,4,814
006,5,1,855
006,5,2,875
006,5,3,937
006,5,4,963
007,Arg,,1-11
007,1,1,1
007,1,2,120
007,1,3,149
007,2,1,203
007,2,Frag 1,230
007,2,Frag 2,231
007,2,Frag 3,305
007,2,Frag 4,373
007,2,Frag 5,374
007,2,Frag 6,377
007,2,Frag 7,378
007,2,Frag 8,379
007,2,Frag 9,381
007,2,Frag 10,382
007,2,Frag 11,383
007,2,Frag 12,384
007,2,2,536
007,2,3,543
007,3,1,631
007,4,1,653
007,4,2,671
007,5,1,774
008,Arg,,1-8
008,1,1,1
008,1,2,96
008,1,3,158
008,2,1,216
008,2,2,251
008,2,3,280
008,3,1,371
008,4,1,462
008,4,2,487
008,4,3,533
008,4,4,557
008,5,1,591
008,5,2,599
008,5,3,679
009,Arg,,1-8
009,1,1,1
009,1,2,104
009,2,1,166
009,2,2,181
009,2,3,306
009,3,1,320
009,3,2,337
009,3,3,382
009,3,4,437
009,3,4a,475
009,4,1,526
009,4,2,570
009,5,1,607
009,5,2,666
022,Friv,7
010,Arg,,1-10
010,Prologue,,1
010,1,1,77
010,1,2,110
010,1,3,182
010,1,4,219
010,2,1,226
010,2,2,273
010,2,3,351
010,3,1,446
010,3,2,466
010,3,3,524
010,4,1,559
010,4,2,571
010,4,3,675
010,5,1,701
010,5,2,753
010,5,3,876
010,5,4,889
010,5,5,899
010,5,6,966
010,5,7,990
010,5,8,1050
010,5,9,1060
011,Arg 1,,1-8
011,Arg 2,,1-16
011,1,1,1
011,1,2,111
011,2,1,225
011,2,2,272
011,2,3,335
011,2,4,469
011,3,1,499
011,3,2,544
011,3,3,562
011,3,4,588
011,4,1,667
011,4,2,692
011,4,3,700
011,4,4,741
011,4,5,803
011,5,1,830
011,5,2,842
011,5,3,957
011,5,4,962
012,Arg 1,,1-14
012,Arg 2,,1-15
012,1,1,1
012,2,1,79
012,2,2,156
012,2,3,272
012,2,4,354
012,2,5,411
012,2,6,481
012,3,1,596
012,3,2,813
012,3,3,874
012,4,1,947
012,4,2,991
012,4,3,1094
012,4,4,1137
012,4,5,1200
012,4,6,1216
012,4,7,1284
012,4,8,1311
012,4,9,1378
012,5,1,1394
013,Arg,,1-11
013,1,1,1
013,1,2,84
013,1,3,157
013,1,4,313
013,2,1,348
013,2,2,431
013,3,1,532
013,3,2,690
013,4,1,858
013,4,2,885
013,4,3,904,Lindsay misnumbered as 3,3
013,4,4,933,Lindsay misnumbered as 4,2
013,4,5,993,Lindsay misnumbered as 4,3
013,5,1,1041
013,5,2,1122
014,Arg,,1-5
014,1,1,1
014,1,2,53
014,1,3,81
014,2,1,168
014,2,2,183
014,2,3,251
014,2,4,272
014,2,5,302
014,3,1,329
014,3,2,400
014,3,3,405
014,4,1,449
014,4,2,462
014,4,3,470
014,4,4,559
014,4,5,673
014,4,6,683
014,4,7,711
014,4,8,731
014,4,9,738
014,5,1,753
014,5,2,777
015,Arg,,1-8
015,Prologue,,1
015,1,1,129
015,1,2,210
015,1,3,410
015,2,1,449
015,3,1,504
015,3,2,578
015,3,3,615
015,3,4,711
015,3,5,746
015,3,6,796
015,4,1,817
015,4,2,823
015,5,1,930
015,5,2,961
015,5,3,1120
015,5,4,1174
015,5,5,1280
015,5,6,1338
015,5,7,1372
016,Arg 1,,1-9
016,Arg 2,,1-15
016,Prologue,,1
016,1,1,3
016,1,2,132
016,1,3,230
016,1,4,394
016,1,5,415
016,2,1,574
016,2,2,594
016,2,3,667
016,2,4,694
016,3,1,767
016,3,2,790
016,4,1,905
016,4,2,956
016,4,3,1017
016,4,4,1038
016,4,5,1052
016,4,6,1063
016,4,7,1103
016,5,1,1246
016,5,2,1285
017,Arg,,1-6
017,Prologue,,1
017,1,1,83
017,1,2,89
017,1,3,185
017,1,4,220
017,1,5,259
017,2,1,290
017,2,2,306
017,2,3,331
017,2,4,414
017,2,5,458
017,2,6,485
017,2,7,559
017,3,1,593
017,3,2,615
017,3,3,664
017,3,4,706
017,3,5,780
017,3,6,839
017,4,1,892
017,4,2,906
017,4,3,938
017,4,4,1045
017,4,5,1191
017,4,6,1205
017,4,7,1227
017,4,8,1265
017,5,1,1281
017,5,2,1288
017,5,3,1357
018,Arg 1,,1-6
018,Arg 2,,1-7
018,1,1,1
018,1,2,58
018,1,3,155
018,2,1,274
018,2,2,325
018,3,1,402
018,3,2,454
018,4,1,505
018,4,2,579
018,5,1,641
018,5,2,649
018,5,3,673
018,5,4,683
018,5,5,742
018,5,6,762
018,5,7,769
019,Arg,,1-9
019,Prologue,,1
019,1,1,23
019,1,2,39
019,2,1,223
019,2,2,276
019,2,3,392
019,3,1,602
019,3,2,627
019,3,3,729
019,4,1,820
019,4,2,843
019,4,3,1008
019,4,4,1093
019,5,1,1115
019,5,2,1125
020,Arg,,1-11
020,Prologue,,1
020,1,1,22
020,1,2,95
020,2,1,209
020,2,2,256
020,2,3,322
020,2,4,352
020,2,5,448
020,2,6,482
020,2,7,551
020,2,8,631
020,3,1,645
020,3,2,669
020,4,1,699
020,4,2,711
020,4,3,775
020,4,4,854
020,5,1,893
021,Frag,,108
